20 30 40 50 60 70 80 90 100 110 120 130 140
geology=B-38, L_borehole=200 m
20.016227116663842 26.732515096834174 29.970139151719827 31.489604033798628 32.213326118157966 32.550258768842504 32.716073897072796 32.8009852193536 32.801984571955806 32.821663168233094 32.842718102254764 33.124294695870184 33.11928042557261
geology=B-38, L_borehole=100 m
9.371030142268168 12.077000918697113 13.230621200235262 13.71319559713938 14.06257440819133 14.163707805460735 14.21175598691947 14.128070822417799 14.230382173945477 14.23559195946879 14.23699111077149 14.142387990701382 14.142507411339851
geology=B-64, L_borehole=200 m
13.977692324979403 21.093900689082016 25.52582206533801 28.1095445152199 29.605262027206997 30.487609277236867 31.015633109729478 31.3169197276837 31.493343250047605 31.599619262856173 31.654451445598735 31.70449865341514 31.7152542835261
geology=B-64, L_borehole=100 m
6.95982093954214 10.29580787378911 12.072739187795044 13.027829849527166 13.550900992637446 13.84692348427628 14.019128221243228 14.113265705583467 14.167067618028987 14.199402932290244 14.214964161881587 14.22978574442184 14.231662314583794
geology=Pm_1, L_borehole=200 m
13.213066279832356 19.88138318489432 24.015215784497098 26.416500767336874 27.809793115468704 28.618246121011573 29.103607614812255 29.38345708360147 29.5482414758464 29.644376189164944 29.69112494206548 29.954297196937404 29.96581335661381
geology=Pm_1, L_borehole=100 m
6.759232459607 9.88134454085513 11.605217840171733 12.49064096317901 12.974715916746216 13.347731125530695 13.508634021753334 13.598097460067603 13.64816357598616 13.680232177510856 13.598196724162932 13.710274714346196 13.713484936375405
geology=B-180, L_borehole=200 m
13.5163273754784 20.38463652551438 24.667992244309026 27.163902836096003 28.617153760447124 29.463645079954336 29.97474285876513 30.27042051722101 30.442802434328698 30.548487676747932 30.60492332967666 30.645096148904297 30.657840719090576
geology=B-180, L_borehole=100 m
6.584829271627009 9.845425038103269 11.565713001193245 12.492455559419962 13.00472404070508 13.291395837452825 13.45992134359911 13.554187860879738 13.607880976129405 13.640844154737389 13.65787611985166 13.671216145691089 13.674268034498837
geology=B-179, L_borehole=200 m
13.521687572064788 20.39234539312781 24.677982417444557 27.179871691582697 28.623285534435002 29.475980453018593 29.986819801607353 30.284759513143335 30.455913884278218 30.562168261890527 30.614183259753325 30.65661270425644 30.671151835549495
geology=B-179, L_borehole=100 m
6.586571288631095 9.847604354098726 11.568663427756052 12.498056616162058 13.005242529807616 13.294029720577583 13.462590565271883 13.558509089921923 13.611583483154673 13.644879826471454 13.65963856330131 13.674162779176475 13.678084899353323
geology=B-56, L_borehole=200 m
13.672388470897843 20.60244122155294 24.957927014192872 27.480922410653587 28.947837303114 29.81456978072647 30.31992160586039 30.619812975412188 30.790126009158186 30.8911214704934 30.947324978094937 30.993376606851733 31.002543876046307
geology=B-56, L_borehole=100 m
