20 30 40 50 60 70 80 90 100 110 120 130 140
geology=B-13, L_borehole=200 m
-7.77777777777778 -7.77777777777778 -7.77777777777778 -7.77777777777778 -7.77777777777778 -7.77777777777778 -7.77777777777778 -7.77777777777778 -7.77777777777778 -7.77777777777778 -7.77777777777778 -7.77777777777778 -7.77777777777778
geology=B-13, L_borehole=100 m
-7.77777777777778 -7.77777777777778 -7.77777777777778 -7.77777777777778 -7.77777777777778 -7.77777777777778 -7.77777777777778 -7.77777777777778 -7.77777777777778 -7.77777777777778 -7.77777777777778 -7.77777777777778 -7.77777777777778
geology=B-63, L_borehole=200 m
-7.77777777777778 -7.77777777777778 -7.77777777777778 -7.77777777777778 -7.77777777777778 -7.77777777777778 -7.77777777777778 -7.77777777777778 -7.77777777777778 -7.77777777777778 -7.77777777777778 -7.77777777777778 -7.77777777777778
geology=B-63, L_borehole=100 m
-7.77777777777778 -7.77777777777778 -7.77777777777778 -7.77777777777778 -7.77777777777778 -7.77777777777778 -7.77777777777778 -7.77777777777778 -7.77777777777778 -7.77777777777778 -7.77777777777778 -7.77777777777778 -7.77777777777778
geology=B-48, L_borehole=200 m
-7.77777777777778 -7.77777777777778 -7.77777777777778 -7.77777777777778 -7.77777777777778 -7.77777777777778 -7.77777777777778 -7.77777777777778 -7.77777777777778 -7.77777777777778 -7.77777777777778 -7.77777777777778 -7.77777777777778
geology=B-48, L_borehole=100 m
-7.77777777777778 -7.77777777777778 -7.77777777777778 -7.77777777777778 -7.77777777777778 -7.77777777777778 -7.77777777777778 -7.77777777777778 -7.77777777777778 -7.77777777777778 -7.77777777777778 -7.77777777777778 -7.77777777777778
geology=B-39, L_borehole=200 m
-7.77777777777778 -7.77777777777778 -7.77777777777778 -7.77777777777778 -7.77777777777778 -7.77777777777778 -7.77777777777778 -7.77777777777778 -7.77777777777778 -7.77777777777778 -7.77777777777778 -7.77777777777778 -7.77777777777778
geology=B-39, L_borehole=100 m
-7.77777777777778 -7.77777777777778 -7.77777777777778 -7.77777777777778 -7.77777777777778 -7.77777777777778 -7.77777777777778 -7.77777777777778 -7.77777777777778 -7.77777777777778 -7.77777777777778 -7.77777777777778 -7.77777777777778
geology=B-30, L_borehole=200 m
-7.77777777777778 -7.77777777777778 -7.77777777777778 -7.77777777777778 -7.77777777777778 -7.77777777777778 -7.77777777777778 -7.77777777777778 -7.77777777777778 -7.77777777777778 -7.77777777777778 -7.77777777777778 -7.77777777777778
geology=B-30, L_borehole=100 m
-7.77777777777778 -7.77777777777778 -7.77777777777778 -7.77777777777778 -7.77777777777778 -7.77777777777778 -7.77777777777778 -7.77777777777778 -7.77777777777778 -7.77777777777778 -7.77777777777778 -7.77777777777778 -7.77777777777778
geology=B-21, L_borehole=200 m
-7.77777777777778 -7.77777777777778 -7.77777777777778 -7.77777777777778 -7.77777777777778 -7.77777777777778 -7.77777777777778 -7.77777777777778 -7.77777777777778 -7.77777777777778 -7.77777777777778 -7.77777777777778 -7.77777777777778
geology=B-21, L_borehole=100 m
-7.77777777777778 -7.77777777777778 -7.77777777777778 -7.77777777777778 -7.77777777777778 -7.77777777777778 -7.77777777777778 -7.77777777777778 -7.77777777777778 -7.77777777777778 -7.77777777777778 -7.77777777777778 -7.77777777777778
